# Created by Octave 4.2.0, Sat Dec 10 22:49:48 2016 BRST <DaniloIkuta@MacBook-Pro-4.local>
# name: plotNshs
# type: scalar
1


# name: plotPartRem
# type: scalar
1


# name: weight
# type: matrix
# rows: 2
# columns: 1
 0.5
 0.99


